Naives
math
D- 0.8202532 0.8278481 0.8253165 0.8227848 0.8278481 0.8202532 0.8202532 0.8329114 0.8278481 0.8151899

por
D- 0.8675134 0.8597496 0.8705307 0.8597853 0.8643172 0.8675015 0.8643053 0.8628861 0.8643769 0.8658915

KNN
math 
D- 0.7544304 0.7468354 0.7443038 0.7620253 0.7569620 0.7569620 0.7468354 0.7518987 0.7417722 0.7544304

por
A- 0.8659153 0.8829338 0.8737269 0.8736434 0.8721765 0.8766846 0.8890877 0.8705784 0.8736553 0.8751938
B- 0.8597734 0.8736911 0.8628742 0.8690638 0.8582707 0.8567203 0.8629219 0.8597734 0.8582230 0.8551938
C- 0.8520453 0.8459392 0.8381992 0.8613476 0.8489445 0.8552177 0.8442934 0.8475134 0.8412284 0.8551342
D- 0.8597734 0.8613238 0.8613834 0.8551699 0.8706142 0.8550984 0.8566130 0.8598688 0.8597973 0.8644007

Boosting
Math
D- 0.9037975 0.9113924 0.8962025 0.8911392 0.9088608 0.9012658 0.8987342 0.9012658 0.9037975 0.9037975

por
D- 0.9306738 0.9291234 0.9306500 0.9183423 0.9306261 0.9244842 0.9244723 0.9306380 0.9214431 0.9275969

Tree
math
D- 0.8886076 0.8835443 0.8835443 0.8962025 0.8860759 0.8759494 0.8810127 0.8860759 0.9012658 0.8936709

por
D- 0.9137388 0.9229696 0.9152654 0.9214431 0.9167919 0.9183423 0.9275969 0.9106380 0.8921407 0.9168038
