LDA:

Math
A - 0.8632911 0.8607595 0.8632911 0.8556962 0.8455696 0.8708861 0.8860759 0.8759494 0.8734177 0.8430380
B- 0.7974684 0.8075949 0.7974684 0.7898734 0.8126582 0.8253165 0.7898734 0.8101266 0.8253165 0.8177215
C- 0.6607595 0.6784810 0.6835443 0.6911392 0.7012658 0.7037975 0.6835443 0.6810127 0.6683544 0.6936709
D- 0.8455696 0.8632911 0.8632911 0.8911392 0.8531646 0.8683544 0.8582278 0.8734177 0.8860759 0.8658228

Portu
A- 0.9044842 0.8983065 0.9012999 0.9044365 0.8953011 0.9028861 0.8998927 0.9014311 0.8983304 0.8951699
B- 0.8813476 0.8937030 0.8797973 0.8844603 0.8874776 0.8859869 0.8735599 0.8905069 0.8905665 0.8952654
C- 0.8504711 0.8551103 0.8520453 0.8504592 0.8536792 0.8506142 0.8520572 0.8428623 0.8504830 0.8505784
D- 0.8953011 0.8937030 0.8951938 0.9029338 0.8890638 0.8967919 0.9090996 0.9029815 0.8921407 0.9014073